1.633464873178373855e+00
1.461241328672838957e+00
1.273809330467132739e+00
1.190563037083956832e+00
1.128518517844933067e+00
1.128804236025024776e+00
1.066706808577720711e+00
1.024586378131788988e+00
1.011901345493767534e+00
9.966799209416998817e-01
9.612938052102465436e-01
9.583291037203059970e-01
9.397209189882630431e-01
9.196260812256499273e-01
9.240250241812288934e-01
8.978045465175463757e-01
8.592875442229026550e-01
8.590774225288022592e-01
8.522874803855852166e-01
8.191765640392776326e-01
8.290374667421843702e-01
8.057713292341316391e-01
8.106920608377035098e-01
7.873008400434506893e-01
7.556136871364699248e-01
7.721808406445336281e-01
7.445367792973227594e-01
7.320830319538589315e-01
7.333948301055623897e-01
7.312527405353090870e-01
7.155847115950151327e-01
7.082226953908004052e-01
6.973121055769833099e-01
7.157902115648578922e-01
6.906173007547362630e-01
6.757029400980110179e-01
6.589123255135428403e-01
6.723321148158981631e-01
6.407753379471534672e-01
6.442145848077190928e-01
6.785885486858452831e-01
6.606954653271779332e-01
6.642908482711687990e-01
6.355186809193004160e-01
6.154950285007529942e-01
6.337851128635726417e-01
5.958949231411799774e-01
6.390159989766784898e-01
6.142722208756820068e-01
6.027911623154790233e-01
5.872266110127819516e-01
5.751387970082282308e-01
6.512252748291793569e-01
5.983524687034039724e-01
5.872182676887212072e-01
5.484060694363491750e-01
5.604279450954945396e-01
5.625702674723853658e-01
5.564113459926086636e-01
5.520848432355676128e-01
5.490033843584851692e-01
5.418325640445897928e-01
5.255659296759586097e-01
5.329242177768869215e-01
5.423296923972358297e-01
5.241235292932131529e-01
5.369023039029452438e-01
5.315947791426707258e-01
5.247829611816786644e-01
5.226898494330252110e-01
5.135075036159231221e-01
5.048562373500805611e-01
4.812387558054332937e-01
4.890913538173513597e-01
5.075356671736924730e-01
4.970807016881044205e-01
4.685210503835593454e-01
4.845122760640611648e-01
4.640011757858528707e-01
4.643359566218898671e-01
4.649500853429936464e-01
4.652775644270841782e-01
4.561954196978831866e-01
4.827169016399214807e-01
4.480166777945135959e-01
4.352419495365384972e-01
4.687986699913130884e-01
4.301446550641178090e-01
4.605554414875243086e-01
4.598832303679627476e-01
4.472554998456939046e-01
4.271776215774314989e-01
4.340962740507992579e-01
4.261966875518193865e-01
4.447566812886104559e-01
4.319442621933575754e-01
4.148916249925440058e-01
4.089502540612394710e-01
4.163183346972497700e-01
4.016812160758535533e-01
